0.0 0.022085732926162453
0.02 0.03851523076562699
0.04 0.06657595750911782
0.06 0.14268318832550853
0.08 0.2577508951828733
0.1 0.38535597876265626
0.12 0.5550783499688878
0.14 0.6173672690081894
0.16 0.7410475347215006
0.18 0.798002181603949
0.2 0.848142843763921
0.22 0.8886356000143542
0.24 0.9206353176711851
0.26 0.9193008712605626
0.28 0.9438663660939393
0.3 0.9484671691864307
0.32 0.9547097411388648
0.34 0.9565157076622511
0.36 0.9602910383429065
0.38 0.9679722448880619
0.4 0.972561235553252
0.42 0.9731388734466994
0.44 0.9745197244995296
0.46 0.9795934165393737
0.48 0.979710180488637
0.5 0.9821565698566178
0.52 0.9825773314324618
0.54 0.9850397170893771
0.56 0.9847083663265607
0.58 0.9869738994361581
0.6 0.9863523692361972
0.62 0.9880857931145025
0.64 0.9883719954498741
0.66 0.9895448563455891
0.68 0.9905486684347213
0.7 0.9914736447506753
0.72 0.9907621210531251
0.74 0.9909231666298048
0.76 0.9926252553448951
0.78 0.9922284553160788
0.8 0.9926785959160164
0.82 0.9930049909770942
0.84 0.9934456877766009
0.86 0.9937029007791267
0.88 0.9943459982192102
0.9 0.9938513080659394
0.92 0.9947873164260282
0.94 0.9951711816003361
0.96 0.9952954145518922
0.98 0.9947987472690072
1.0 0.9954693437097345
