0.0 0.03393925028343764
0.02 0.08961111090785948
0.04 0.017906696734766556
0.06 0.0324576019220126
0.08 0.22314478699036874
0.1 0.35779102250441475
0.12 0.5306169784924967
0.14 0.6662367100067266
0.16 0.7155754202098702
0.18 0.80572799434682
0.2 0.8830473041577194
0.22 0.8920099816956002
0.24 0.9137977418839615
0.26 0.9318895198529511
0.28 0.9479765040502061
0.3 0.939868173839632
0.32 0.9577773034696413
0.34 0.9556034064855847
0.36 0.9611316826428609
0.38 0.9627983995823294
0.4 0.9712363121288661
0.42 0.9753549308414626
0.44 0.9751957017577402
0.46 0.9760346192144057
0.48 0.9805518807583014
0.5 0.9837039250001092
0.52 0.9846929786540887
0.54 0.9831559917211867
0.56 0.9864768798408504
0.58 0.9873610897888763
0.6 0.9869663998474213
0.62 0.9881051993178591
0.64 0.9889129064212293
0.66 0.9901487539070455
0.68 0.9906459638988122
0.7 0.9920134801753541
0.72 0.9920448481522253
0.74 0.9911292041759382
0.76 0.9917369125279656
0.78 0.991765731604224
0.8 0.9931782859547568
0.82 0.9929229909813304
0.84 0.993072090684363
0.86 0.994406723901207
0.88 0.9930446806188898
0.9 0.9944146194920612
0.92 0.9942200584727602
0.94 0.9940101696857628
0.96 0.9955264380450956
0.98 0.995460613521331
1.0 0.9958237468526653
