0.0 0.14612162785984253
0.01 0.13015445735479322
0.02 0.1575469398303154
0.03 0.1736961627779582
0.04 0.3565346034853789
0.05 0.2937410496112031
0.06 0.2813699195574779
0.07 0.2953897448541432
0.08 0.3517746417991594
0.09 0.2944470337225673
0.1 0.3966888856338121
0.11 0.3774065630680017
0.12 0.40832770146816283
0.13 0.4068042799942317
0.14 0.5892548290681846
0.15 0.40474258486773634
0.16 0.45045553425503615
0.17 0.43213104572191724
0.18 0.6343202138158922
0.19 0.4354798519649888
0.2 0.6492706203205838
