0.0 0.14068314386419317
0.01 0.13978174916233768
0.02 0.1509500087137146
0.03 0.13745496737462398
0.04 0.23407146961431458
0.05 0.17463768589721604
0.06 0.16602203949317854
0.07 0.14622002445043095
0.08 0.16224186823908682
0.09 0.1838184793233117
0.1 0.26637032194996824
0.11 0.24184554292672394
0.12 0.2751574957798539
0.13 0.1284038938542345
0.14 0.25922305077649355
0.15 0.2193607529433411
0.16 0.2074899769787799
0.17 0.2623865300755555
0.18 0.18311380956627127
0.19 0.3097910018589792
0.2 0.23521441341033572
