0.0 0.14561510067801034
0.01 0.1345943488763383
0.02 0.20305006199079526
0.03 0.2442708702572567
0.04 0.3561925713894875
0.05 0.2777744150241797
0.06 0.231329616407869
0.07 0.23899901564136464
0.08 0.3058938018002836
0.09 0.404937869560379
0.1 0.40999239718280356
0.11 0.45701136004401893
0.12 0.366002029885874
0.13 0.4162568609351771
0.14 0.39757745327077426
0.15 0.41766627290793973
0.16 0.48230689560020573
0.17 0.5079525870732466
0.18 0.4980519863043098
0.19 0.4611112013887357
0.2 0.5610141140575327
