0.0 0.021646062521551896
0.02 0.04832312512643398
0.04 0.0272782501968743
0.06 0.12617741512876154
0.08 0.21055258261377113
0.1 0.39913749338293253
0.12 0.5391723601841751
0.14 0.663908308178389
0.16 0.7355652050032886
0.18 0.8087542806613617
0.2 0.8640866366533047
0.22 0.8863840547857708
0.24 0.9066085372855954
0.26 0.92961962857262
0.28 0.9365067512607035
0.3 0.9466374805089793
0.32 0.9522621928536525
0.34 0.9594382027109669
0.36 0.9626424664581004
0.38 0.9650290369635972
0.4 0.9724454210166993
0.45 0.9779257539402136
0.5 0.9815614391491413
0.55 0.9854608461096138
0.6 0.9867735801786099
0.65 0.9894979888161697
0.7 0.9909555086442932
0.75 0.9914856573738228
0.8 0.9924090269409195
0.85 0.9935319307250585
0.9 0.9943854558388385
0.95 0.994776781755962
1.0 0.9953377662590864
